1.1
2.1
3.1
4.1
5.1
6.1
7.1
8.1
9.1
10.1
16.1
17.1
23.1
24.1
30.1
31.1
6.2
7.2
13.2
14.2
21.2
23.2
27.2
28.2
5.3
6.3
8.3
12.3
13.3
19.3
20.3
26.3
27.3
2.4
3.4
9.4
10.4
16.4
17.4
23.4
24.4
30.4
1.5
2.5
3.5
7.5
8.5
9.5
14.5
15.5
21.5
22.5
28.5
29.5
4.6
5.6
11.6
12.6
13.6
18.6
19.6
25.6
26.6
2.7
3.7
9.7
10.7
16.7
17.7
23.7
24.7
30.7
31.7
6.8
7.8
13.8
14.8
20.8
21.8
27.8
28.8
3.9
4.9
10.9
11.9
17.9
18.9
24.9
25.9
1.10
2.10
8.10
9.10
15.10
16.10
22.10
23.10
29.10
30.10
4.11
5.11
6.11
12.11
13.11
19.11
20.11
26.11
27.11
3.12
4.12
10.12
11.12
17.12
18.12
24.12
25.12
31.12