1.1
2.1
3.1
4.1
5.1
6.1
7.1
8.1
14.1
15.1
21.1
22.1
28.1
29.1
4.2
5.2
11.2
12.2
18.2
19.2
23.2
24.2
25.2
26.2
4.3
5.3
8.3
11.3
12.3
18.3
19.3
25.3
26.3
1.4
2.4
8.4
9.4
15.4
16.4
22.4
23.4
29.4
30.4
1.5
6.5
7.5
8.5
9.5
13.5
14.5
20.5
21.5
27.5
28.5
3.6
4.6
10.6
11.6
12.6
17.6
18.6
24.6
25.6
1.7
2.7
8.7
9.7
15.7
16.7
22.7
23.7
29.7
30.7
5.8
6.8
12.8
13.8
19.8
20.8
26.8
27.8
2.9
3.9
9.9
10.9
16.9
17.9
23.9
24.9
30.9
1.10
7.10
8.10
14.10
15.10
21.10
22.10
28.10
29.10
4.11
5.11
11.11
12.11
18.11
19.11
25.11
26.11
2.12
3.12
9.12
10.12
16.12
17.12
23.12
24.12
30.12
31.12